PC1	PC2	PC3	PC4	PC5	PC6	PC7	PC8	PC9
con_C_rep1	-0.457592047296234	0.104085585052636	-0.0376908140232724	0.246523086820197	-0.71966093338404	0.153478657326661	-0.25319432799521	-0.0299239587012813	-0.333333333333333
con_C_rep2	-0.451817114195303	0.108491587733499	-0.272532910962363	-0.318460826271965	0.315696278389819	-0.582197254618074	-0.204359426521197	-0.130029671577926	-0.333333333333333
con_C_rep3	-0.46883522685318	0.0973141608215989	0.355446558465665	0.0427565463662012	0.393655782698767	0.410383140827236	0.425231783860989	0.165047651721403	-0.333333333333334
con_E_rep1	0.320835941221466	0.345102928983123	-0.185580790404295	-0.66190634088442	-0.275728790259076	0.190235506511022	0.272653939031397	0.0879820326091309	-0.333333333333333
con_E_rep2	0.29310146348449	0.347762115236262	-0.48000028948475	0.467255389195929	0.337463498716075	0.267088895816311	-0.212299188542862	-0.055000171549101	-0.333333333333333
con_E_rep3	0.343518910376855	0.346817410159629	0.646380234336662	0.207273105052896	-0.0504440198714083	-0.427154366110605	-0.0429261560444499	-0.0546230463474609	-0.333333333333333
con_S_rep1	0.135543470925627	-0.465098172379324	0.0871898910206287	-0.0810199520514252	0.0253986882565183	0.176913614494038	0.0379120471422591	-0.778879575431348	-0.333333333333333
con_S_rep2	0.123120266931627	-0.433752029993488	-0.281666489302652	0.29903551700916	-0.143600161329381	-0.349303587456312	0.531791577167264	0.302315943207379	-0.333333333333333
con_S_rep3	0.162124335404653	-0.450723585613935	0.168454610354376	-0.201456525236572	0.117219656782727	0.160555393209723	-0.554810248098189	0.493110796069205	-0.333333333333333
